3 0.333333 0.219298 0.300000 0.042607
3 0.806667 0.404762 0.146667 0.087719
3 0.949167 0.462406 0.098333 0.127820
3 0.920000 0.595238 0.093333 0.092732
3 0.710833 0.878446 0.571667 0.243108
3 0.205000 0.612782 0.306667 0.167920
3 0.301667 0.721805 0.043333 0.070175
3 0.316667 0.521303 0.046667 0.055138
3 0.200833 0.898496 0.065000 0.203008
3 0.340833 0.878446 0.078333 0.203008
3 0.049167 0.461153 0.088333 0.145363
3 0.170833 0.389724 0.071667 0.082707
3 0.084167 0.349624 0.048333 0.052632
3 0.680833 0.537594 0.045000 0.042607
3 0.591667 0.517544 0.040000 0.042607
3 0.505000 0.500000 0.030000 0.027569
3 0.438333 0.679198 0.076667 0.140351
3 0.260000 0.271930 0.096667 0.047619
